Basses:
V1:
0, 31 0 0 0 0 0 0 0 0 0 0 0 0 0 0 0 0 0 0 0 0 0 0 0 0 0 0 0 0 0 0 0 0 0 0 0 0 0 0 0 0 0 0 0 0 0 0 0 0 0 0 0 0 0 0 0 0 0 0 0 0 0 0 0;
1, 31 0 0 0 0 0 0 0 0 0 36 0 0 0 0 0 34 0 0 0 0 0 0 0 0 0 0 0 0 0 0 0 31 0 0 0 0 0 43 0 0 0 38 0 0 0 37 0 0 0 36 0 0 0 31 0 34 0 0 0 31 0 0 0;

V2:
0, 33 0 0 0 0 0 0 0 31 0 0 34 0 0 0 0 0 0 0 0 0 0 0 0 0 0 0 0 0 0 0 0 33 0 0 0 0 0 0 0 31 0 0 34 0 0 0 0 0 0 0 0 0 0 0 0 0 0 0 0 0 0 0 0;
1, 33 0 0 0 0 0 0 0 31 0 0 34 0 0 0 0 0 0 0 0 0 0 0 0 0 0 0 0 0 0 0 0 33 0 0 0 0 0 0 0 31 0 0 34 0 0 0 0 29 0 0 0 0 0 0 0 28 0 0 0 0 0 0 0;


Chords_notes:
V1:
1, chord 55 100 62 100;
2, chord 58 100 67 100;
3, chord 55 100 58 100 62 100 65 100;
4, chord 58 100 62 100 65 100 67 100;

V2:
1, chord 52 100 57 100;
2, chord 55 100 58 100; 
3, chord 52 100 57 100 62 100;
4, chord 50 100 55 100 58 100 62 100;


Pluck_freq:
V1:
0, 43 0 0 67 0 0 0 0 0 0 0 0 0 0 0 0;
1, 0 0 0 43 0 0 67 0 0 0 0 0 0 0 0 0;
2, 0 0 0 55 0 0 0 43 0 0 67 0 0 0 0 0;
3, 55 0 0 43 0 0 0 0 67 0 0 55 0 0 0 0;
4, 43 0 67 0 0 0 0 0 0 0 0 0 0 0 0 0;

V2:
0, 40 0 0 45 0 0 0 0 0 0 0 0 0 0 0 0;
1, 0 0 0 40 0 0 45 0 0 0 0 0 0 0 0 0;
2, 0 0 0 52 0 0 0 40 0 0 45 0 0 0 0 0;
3, 52 0 0 40 0 0 0 0 45 0 0 52 0 0 0 0;
4, 40 0 45 0 0 0 0 0 0 0 0 0 0 0 0 0;